[Time Setting]
dt = 1 
unit_measure = s 
explicit_clock = false

[Operative Polygon]
min_area = 100000
max_area = 200000
polygon_verteces = [(-33.421856769290955, -140.43156798256427), (-104.79202559896153, -94.01970445800383), (-128.55113828097188, -70.8864314233883), (-129.57054237629887, -16.794023316002825), (-115.71859725937767, 90.0885046750376), (-100.17039427597737, 108.35439894051508), (-26.350684100753202, 135.05265480366438), (56.6983746198429, 131.31459477292026), (111.53028194780345, 96.3203210783055), (146.3874558543944, -17.26989376248719), (131.18934208593703, -52.26870263669984), (59.85718206025628, -136.68497926917556), (-33.421856769290955, -140.43156798256427)]
same_env = true
min_agent_source_dist = None
n_landing_points = all
step = 30
deg = 45

[UAVs]
n_uavs = 1
min_fl = 1
max_fl = 4
sep_fl = 0.5
sensing_time = 0
same_initial_location = true
uavs_locations = [(62.85586449489398, -119.21836454696785)]
energy_constraint = false
max_speed = 5
max_acc = 2
min_db_level = 105
p_eng = 10
v_ref = 20
p_bat = 9
p_bat_charging = 4
b_efficiency = 12
b_res = 5
action_delay = false
observation_delay = true
observation_loss = false 

[Audio Source]
static = true
constant = true
source_location = (51.48646156683597, 32.62646123452701)
source_db_level = 140
global_max_speed = 20
global_max_acc = 2.5
local_max_speed = 1.7
local_max_acc = 1.1
n_hotspots = 10
n_p_min = 3
n_p_max = 7
local_d = 50

[Communication]
STAR = true
